本次共找到 447 个文件
Filename:badfile_noWorkbookRels.xlsx, Sha1:[24 210 23 159 161 112 184 64 220 239 80 244 38 11 111 93 112 169 17 235], fileSize:7KB 
Filename:badfile_noWorksheets.xlsx, Sha1:[15 60 25 133 227 225 61 243 3 186 221 236 52 15 94 188 25 82 149 143], fileSize:4KB 
Filename:empty_rows.xlsx, Sha1:[116 190 104 36 148 200 165 142 208 75 244 56 221 133 201 231 9 50 196 46], fileSize:30KB 
Filename:googleDocsTest.xlsx, Sha1:[91 158 129 168 113 213 249 51 180 222 29 144 53 179 68 67 253 2 118 200], fileSize:4KB 
Filename:macExcelTest.xlsx, Sha1:[205 211 88 242 129 236 23 189 220 219 130 100 154 16 46 172 211 8 166 199], fileSize:16KB 
Filename:macNumbersTest.xlsx, Sha1:[106 25 145 30 138 83 196 246 187 192 197 229 239 51 50 23 229 223 37 20], fileSize:10KB 
Filename:noStylesAndSharedStringsTest.xlsx, Sha1:[171 143 248 16 229 12 152 188 248 43 128 162 59 8 1 42 20 133 185 91], fileSize:59KB 
Filename:original.xlsx, Sha1:[231 77 78 238 234 188 84 133 140 183 153 42 79 237 161 212 81 76 134 49], fileSize:9KB 
Filename:testcelltypes.xlsx, Sha1:[100 152 255 195 133 215 113 149 84 116 189 41 225 95 184 121 58 191 201 223], fileSize:35KB 
Filename:testchartsheet.xlsx, Sha1:[163 215 213 196 233 192 155 66 249 4 222 79 174 45 7 232 169 108 118 231], fileSize:20KB 
Filename:testfile.xlsx, Sha1:[30 29 231 187 213 73 168 152 43 72 4 112 29 0 134 164 124 10 119 25], fileSize:7KB 
Filename:testrels.xlsx, Sha1:[80 70 208 87 125 218 56 114 37 224 22 80 35 199 181 211 205 187 19 234], fileSize:6KB 
Filename:wpsBlankLineTest.xlsx, Sha1:[214 242 228 203 215 9 30 204 161 144 224 16 236 220 78 27 138 99 98 74], fileSize:7KB 
Filename:linq.go, Sha1:[161 212 93 235 185 75 238 168 83 15 123 59 130 89 141 227 191 160 190 46], fileSize:34KB 
Filename:linq_test.go, Sha1:[188 85 194 205 32 171 154 34 109 238 51 159 139 49 195 68 3 9 213 242], fileSize:51KB 
Filename:plinq.go, Sha1:[0 241 157 219 142 192 248 19 170 129 167 10 202 46 176 116 174 219 217 165], fileSize:13KB 
Filename:plinq_test.go, Sha1:[235 242 137 11 115 173 157 38 159 160 228 55 225 116 100 229 230 80 246 106], fileSize:17KB 
Filename:util.go, Sha1:[243 128 225 183 92 6 179 125 238 28 71 182 118 117 46 101 106 143 221 210], fileSize:3KB 
Filename:captcha_test.go, Sha1:[15 238 245 141 155 209 144 47 178 61 11 14 194 82 122 60 189 106 251 254], fileSize:1KB 
Filename:random.go, Sha1:[196 199 216 180 44 162 243 202 56 174 168 26 117 253 106 11 238 234 214 36], fileSize:1KB 
Filename:sfz.go, Sha1:[20 63 215 139 14 7 84 99 206 141 196 102 229 162 196 255 15 111 146 147], fileSize:1KB 
Filename:sfz_test.go, Sha1:[200 14 68 250 45 223 12 87 75 103 237 193 34 55 46 7 72 204 151 172], fileSize:1KB 
Filename:conf.go, Sha1:[235 169 182 41 236 243 99 97 230 22 131 145 19 133 198 117 216 107 104 63], fileSize:1KB 
Filename:str.go, Sha1:[149 103 73 225 29 158 85 200 237 23 108 203 85 227 60 248 119 27 173 56], fileSize:1KB 
Filename:ctx.go, Sha1:[75 134 68 196 247 155 55 207 108 46 139 220 146 183 249 13 98 180 69 13], fileSize:1KB 
Filename:db.go, Sha1:[216 217 236 156 167 203 185 232 217 225 98 88 252 29 168 120 116 134 105 51], fileSize:1KB 
Filename:filter.go, Sha1:[144 248 93 79 75 47 159 228 234 114 151 39 5 178 183 70 99 210 179 207], fileSize:2KB 
Filename:visitor.go, Sha1:[223 112 21 248 55 162 191 186 69 236 123 173 50 151 214 21 198 249 84 199], fileSize:3KB 
Filename:mysql.go, Sha1:[47 50 173 33 57 60 187 201 88 147 92 19 2 68 22 75 102 201 72 153], fileSize:1KB 
Filename:meta.go, Sha1:[116 211 226 165 82 246 53 175 97 255 40 197 97 173 32 27 71 201 61 192], fileSize:1KB 
Filename:logger.go, Sha1:[133 193 25 123 44 42 90 102 224 137 161 132 10 126 234 81 17 203 232 116], fileSize:1KB 
Filename:mao_repo.go, Sha1:[146 87 174 111 219 236 47 223 236 209 107 7 212 159 144 146 176 91 79 193], fileSize:6KB 
Filename:mgo_ctx.go, Sha1:[247 153 1 186 156 14 185 36 188 137 236 64 244 175 58 102 62 40 229 143], fileSize:2KB 
Filename:utils.go, Sha1:[99 103 139 104 12 98 208 48 254 190 250 194 217 168 165 1 121 69 236 37], fileSize:1KB 
Filename:hash.go, Sha1:[181 241 247 239 117 102 175 131 84 53 211 101 49 56 98 124 95 229 82 57], fileSize:1KB 
Filename:hcmds.go, Sha1:[157 198 159 14 246 55 52 205 18 140 111 222 186 61 166 147 123 198 126 71], fileSize:4KB 
Filename:json_hash.go, Sha1:[133 184 114 224 144 30 253 7 12 18 183 228 241 3 191 83 217 194 215 2], fileSize:2KB 
Filename:redis.go, Sha1:[90 249 60 223 209 154 115 210 247 57 27 32 84 0 174 94 240 224 50 4], fileSize:2KB 
Filename:scmds.go, Sha1:[181 119 4 23 242 75 74 3 8 107 49 27 34 34 248 151 191 3 186 197], fileSize:4KB 
Filename:string.go, Sha1:[44 85 83 33 137 239 63 57 140 246 78 3 4 40 125 198 20 105 178 198], fileSize:1KB 
Filename:zcmds.go, Sha1:[255 41 33 112 104 235 189 51 55 194 140 214 3 166 51 158 116 132 179 219], fileSize:8KB 
Filename:repo.go, Sha1:[53 160 103 207 83 58 63 64 49 113 65 63 45 37 197 105 23 205 182 150], fileSize:1KB 
Filename:aggregate.go, Sha1:[27 239 73 90 77 123 207 33 238 195 45 201 197 227 162 112 184 23 217 95], fileSize:2KB 
Filename:cmdbus.go, Sha1:[157 220 20 237 254 193 157 98 81 29 178 56 77 174 194 1 92 175 54 73], fileSize:1KB 
Filename:cmdhandler.go, Sha1:[6 194 246 251 119 36 119 108 129 33 183 92 37 71 33 39 70 93 146 8], fileSize:2KB 
Filename:ddd.go, Sha1:[169 247 175 17 155 243 121 209 213 243 110 142 11 121 65 1 15 161 34 183], fileSize:1KB 
Filename:aggregate.go, Sha1:[119 209 81 26 190 125 144 199 174 213 145 17 7 182 94 168 39 186 154 159], fileSize:3KB 
Filename:commands.go, Sha1:[14 53 253 147 119 90 3 17 50 81 2 233 198 252 131 173 123 175 220 233], fileSize:1KB 
Filename:events.go, Sha1:[20 170 235 114 218 90 88 67 110 215 184 113 221 159 98 203 15 240 129 95], fileSize:1KB 
Filename:main.go, Sha1:[40 225 58 192 181 125 102 29 179 130 114 244 79 162 41 164 2 108 1 23], fileSize:3KB 
Filename:readmodel.go, Sha1:[114 145 48 100 231 42 88 135 61 191 145 194 218 94 170 111 16 240 25 137], fileSize:2KB 
Filename:domainrepo.go, Sha1:[170 73 88 165 122 99 190 68 42 163 69 113 192 68 107 112 105 15 143 43], fileSize:2KB 
Filename:eventbus.go, Sha1:[0 159 194 216 16 123 216 50 177 116 37 235 73 193 73 160 63 72 148 162], fileSize:2KB 
Filename:eventstore.go, Sha1:[168 46 91 100 225 11 218 5 95 243 185 136 193 100 218 43 50 249 130 182], fileSize:2KB 
Filename:eventstore.go, Sha1:[184 129 19 169 30 248 101 48 150 159 104 246 237 78 246 193 113 59 195 148], fileSize:3KB 
Filename:init.go, Sha1:[32 203 35 134 196 120 40 243 45 239 89 223 174 149 191 215 75 98 157 135], fileSize:1KB 
Filename:query.go, Sha1:[23 151 13 170 145 181 202 255 80 45 173 66 222 233 136 131 161 221 114 166], fileSize:1KB 
Filename:agg_cmd_handler.go, Sha1:[126 136 17 181 246 60 235 180 227 135 147 152 146 10 21 39 10 249 201 122], fileSize:2KB 
Filename:cmdbus.go, Sha1:[89 215 155 101 16 252 137 37 138 103 135 61 156 155 169 47 159 60 149 70], fileSize:1KB 
Filename:agg.go, Sha1:[207 6 53 28 151 144 217 21 142 85 97 137 148 136 102 209 215 32 130 85], fileSize:1KB 
Filename:ddd.go, Sha1:[165 54 255 251 222 99 230 168 133 15 83 143 198 199 52 89 227 144 197 102], fileSize:1KB 
Filename:dddd.go, Sha1:[236 190 135 209 122 200 226 50 30 147 22 111 244 234 249 192 231 59 202 129], fileSize:1KB 
Filename:main.go, Sha1:[90 87 40 59 116 248 176 68 236 78 47 205 155 0 127 115 255 193 96 91], fileSize:1KB 
Filename:agg.go, Sha1:[202 45 131 211 195 150 182 15 147 28 51 35 242 81 152 152 180 153 102 80], fileSize:2KB 
Filename:user_repo.go, Sha1:[150 4 74 28 108 53 174 26 132 151 196 143 137 33 67 37 3 6 163 73], fileSize:1KB 
Filename:bus.go, Sha1:[95 186 187 149 202 240 173 171 106 208 211 174 21 178 246 12 135 71 142 167], fileSize:1KB 
Filename:store.go, Sha1:[240 55 192 214 190 102 155 13 162 230 228 225 149 157 129 231 176 199 105 161], fileSize:2KB 
Filename:di.go, Sha1:[164 199 129 58 175 62 6 240 172 201 32 161 229 38 113 199 227 41 19 243], fileSize:4KB 
Filename:di_test.go, Sha1:[11 214 47 30 132 161 198 137 15 155 228 206 132 125 6 158 15 97 45 112], fileSize:1KB 
Filename:utils.go, Sha1:[107 89 120 186 51 210 54 179 50 225 253 7 72 73 229 120 145 135 0 110], fileSize:1KB 
Filename:error.go, Sha1:[246 17 234 2 196 98 240 154 80 203 238 110 74 180 55 143 177 10 74 159], fileSize:2KB 
Filename:ifthen.go, Sha1:[56 30 246 76 18 226 69 147 53 249 211 68 77 217 152 57 201 124 80 194], fileSize:1KB 
Filename:io.go, Sha1:[139 135 116 52 149 134 78 117 175 77 127 80 91 184 76 246 134 174 60 246], fileSize:1KB 
Filename:log.go, Sha1:[200 250 22 47 1 101 178 230 124 195 208 147 80 198 142 141 128 74 191 202], fileSize:2KB 
Filename:log_test.go, Sha1:[40 166 235 47 23 34 1 47 190 59 100 196 224 116 126 233 8 210 27 205], fileSize:1KB 
Filename:log.go, Sha1:[165 90 39 138 26 45 30 77 111 64 249 63 254 216 57 219 163 30 210 159], fileSize:1KB 
Filename:log_test.go, Sha1:[223 55 164 225 188 242 230 10 106 144 236 128 169 197 51 67 75 149 196 12], fileSize:1KB 
Filename:map.go, Sha1:[66 30 220 202 196 101 167 95 183 157 126 72 211 130 157 51 167 74 111 124], fileSize:2KB 
Filename:map_test.go, Sha1:[131 34 86 216 60 59 51 44 88 182 16 124 227 44 103 160 103 83 11 38], fileSize:1KB 
Filename:mapper.go, Sha1:[43 211 250 73 123 197 33 108 202 236 176 69 235 251 32 71 239 2 138 144], fileSize:1KB 
Filename:msg_status.go, Sha1:[126 194 108 190 15 34 216 162 106 199 60 253 118 236 245 156 211 171 108 63], fileSize:2KB 
Filename:http.go, Sha1:[197 56 215 196 10 154 69 103 14 18 37 254 125 122 56 58 1 18 77 82], fileSize:3KB 
Filename:http_test.go, Sha1:[195 227 62 78 104 72 83 39 205 179 192 182 248 247 251 237 236 233 81 24], fileSize:1KB 
Filename:saveYyyyMmFile.go, Sha1:[54 237 63 228 11 62 86 38 138 102 62 155 33 57 174 67 117 59 51 179], fileSize:2KB 
Filename:builder.go, Sha1:[9 54 141 181 30 39 211 18 25 80 109 206 125 135 183 52 11 175 88 104], fileSize:2KB 
Filename:dialect.go, Sha1:[214 104 37 180 152 122 180 86 147 128 49 239 196 246 149 219 136 197 152 68], fileSize:1KB 
Filename:model.go, Sha1:[55 105 207 168 38 161 113 97 80 227 153 250 255 64 188 78 156 235 65 0], fileSize:6KB 
Filename:mssql.go, Sha1:[25 135 86 206 168 42 179 173 172 85 176 121 192 255 42 133 56 84 107 36], fileSize:1KB 
Filename:mysql.go, Sha1:[186 139 212 187 234 42 239 14 84 182 27 216 11 122 187 89 95 193 238 176], fileSize:2KB 
Filename:oci8.go, Sha1:[175 89 70 160 69 36 175 26 184 171 31 45 153 233 16 117 208 251 185 75], fileSize:1KB 
Filename:orm.go, Sha1:[123 38 10 147 154 248 57 217 246 248 231 133 201 147 128 67 41 31 227 48], fileSize:5KB 
Filename:pg.go, Sha1:[235 146 153 77 83 144 58 224 11 4 61 26 247 245 149 189 83 100 63 63], fileSize:1KB 
Filename:scope.go, Sha1:[37 0 197 92 125 243 241 12 242 118 121 64 217 8 61 220 122 120 70 7], fileSize:13KB 
Filename:txscope.go, Sha1:[74 152 167 247 8 65 125 5 95 54 97 210 158 26 52 108 184 231 221 139], fileSize:2KB 
Filename:utils.go, Sha1:[79 74 103 46 55 173 195 38 131 159 148 202 180 173 35 167 244 90 155 175], fileSize:1KB 
Filename:slice.go, Sha1:[240 235 176 7 242 131 235 33 139 143 110 191 167 205 40 30 235 82 137 114], fileSize:2KB 
Filename:slice_test.go, Sha1:[75 207 73 215 13 42 205 161 192 180 32 157 202 239 17 13 41 76 253 57], fileSize:2KB 
Filename:strings.go, Sha1:[56 43 147 140 95 23 37 138 86 102 99 193 112 7 150 117 206 240 28 243], fileSize:1KB 
Filename:config.go, Sha1:[84 232 242 227 167 32 18 124 116 2 0 14 122 18 53 102 150 117 78 71], fileSize:1KB 
Filename:gen.go, Sha1:[242 14 95 216 242 76 120 252 118 251 29 123 97 21 147 118 23 65 198 193], fileSize:2KB 
Filename:main.go, Sha1:[78 42 3 21 205 32 124 79 159 133 67 192 150 132 22 240 109 221 83 135], fileSize:1KB 
Filename:tpls_gen.go, Sha1:[185 144 116 220 193 40 131 70 118 246 109 164 49 33 157 39 112 140 160 237], fileSize:3KB 
Filename:main.go, Sha1:[41 62 58 27 98 203 92 171 15 204 43 111 194 127 142 166 190 26 172 157], fileSize:1KB 
Filename:tree.go, Sha1:[109 176 40 1 236 73 228 59 113 92 250 82 210 130 55 42 223 243 243 97], fileSize:2KB 
Filename:types.go, Sha1:[48 66 71 149 22 126 118 198 165 229 242 99 237 254 120 62 33 21 92 169], fileSize:2KB 
Filename:time.go, Sha1:[152 11 178 202 70 139 161 87 175 97 97 69 20 206 74 20 147 17 175 86], fileSize:1KB 
Filename:utils.go, Sha1:[8 92 78 215 144 194 237 4 91 60 189 253 103 173 173 240 219 160 57 66], fileSize:2KB 
Filename:uuid.go, Sha1:[53 251 6 148 155 10 76 70 48 238 182 29 183 244 167 166 246 76 204 56], fileSize:1KB 
Filename:xlsx.go, Sha1:[110 140 184 244 227 153 181 219 117 120 229 251 133 124 231 179 181 127 109 225], fileSize:1KB 
Filename:jpush.go, Sha1:[179 172 231 127 156 140 81 255 223 82 77 93 150 45 86 130 169 218 67 42], fileSize:3KB 
Filename:jpush_test.go, Sha1:[60 227 174 88 148 149 216 19 192 169 96 245 236 17 128 203 100 74 136 252], fileSize:1KB 
Filename:models.go, Sha1:[25 35 53 130 125 221 88 124 75 1 187 138 83 51 5 160 153 106 71 168], fileSize:2KB 
Filename:dayu.go, Sha1:[254 117 160 227 248 209 81 232 252 162 48 104 255 105 104 10 46 54 215 178], fileSize:3KB 
Filename:result.go, Sha1:[151 242 199 20 184 37 226 39 74 44 16 147 125 157 60 188 52 205 47 189], fileSize:1KB 
Filename:notify.go, Sha1:[253 43 29 4 99 15 139 159 164 89 74 58 118 251 14 177 221 50 100 116], fileSize:3KB 
Filename:pay.go, Sha1:[187 195 141 110 223 40 86 208 88 22 211 52 188 74 90 28 20 149 161 205], fileSize:1KB 
Filename:prepay.go, Sha1:[24 192 46 90 112 29 219 218 21 4 125 84 207 28 180 1 218 142 66 163], fileSize:1KB 
Filename:sign.go, Sha1:[85 206 229 76 58 44 168 212 226 48 126 199 222 46 18 33 201 90 192 246], fileSize:1KB 
Filename:unifiedorder.go, Sha1:[206 221 24 181 24 169 36 45 210 73 184 1 152 251 222 59 109 114 199 112], fileSize:3KB 
Filename:wx.go, Sha1:[229 233 46 246 247 229 117 108 100 133 38 166 248 140 10 82 77 65 225 203], fileSize:1KB 
Filename:auth.go, Sha1:[13 203 48 113 54 0 160 229 38 172 235 186 187 36 204 242 41 7 245 26], fileSize:1KB 
Filename:ctx.go, Sha1:[176 164 46 250 99 214 30 128 62 252 174 61 36 159 94 20 239 100 55 47], fileSize:3KB 
Filename:ctx_test.go, Sha1:[184 103 33 73 237 108 119 120 240 105 195 227 71 0 108 239 229 236 20 145], fileSize:1KB 
Filename:org.go, Sha1:[79 22 204 187 106 50 183 234 57 32 17 95 76 95 27 74 131 192 98 127], fileSize:1KB 
Filename:res.go, Sha1:[79 110 91 210 72 197 25 165 202 195 236 103 69 185 91 35 29 6 4 182], fileSize:1KB 
Filename:role.go, Sha1:[240 118 59 49 236 236 82 114 223 221 118 141 221 74 237 35 47 31 236 86], fileSize:1KB 
Filename:user.go, Sha1:[71 87 227 211 203 217 88 95 198 201 103 58 241 199 108 191 117 158 159 230], fileSize:2KB 
Filename:org.go, Sha1:[82 236 181 148 35 13 206 245 104 35 138 220 211 159 190 203 62 164 149 82], fileSize:1KB 
Filename:res.go, Sha1:[2 33 159 138 84 215 20 13 213 82 227 83 49 127 138 77 112 178 232 40], fileSize:1KB 
Filename:role.go, Sha1:[57 203 97 109 188 17 147 32 91 205 116 247 190 107 155 88 249 23 41 145], fileSize:1KB 
Filename:user.go, Sha1:[139 9 52 166 109 122 202 128 155 17 125 2 145 72 234 105 61 227 220 0], fileSize:2KB 
Filename:auth.go, Sha1:[128 192 182 65 94 77 136 219 80 47 224 220 69 50 212 129 74 37 95 137], fileSize:2KB 
Filename:org.go, Sha1:[137 209 17 65 101 24 213 126 98 206 123 55 97 72 42 45 13 248 222 80], fileSize:1KB 
Filename:res.go, Sha1:[191 127 126 28 99 226 180 146 251 158 197 100 109 60 250 56 224 197 41 147], fileSize:1KB 
Filename:role.go, Sha1:[50 211 125 80 68 213 224 246 35 147 168 215 8 232 14 232 154 31 231 156], fileSize:1KB 
Filename:user.go, Sha1:[26 17 238 17 162 143 146 5 235 34 65 166 132 39 40 87 66 246 13 139], fileSize:1KB 
Filename:org.go, Sha1:[90 51 42 252 180 189 251 71 206 224 135 184 202 214 49 212 94 213 210 2], fileSize:1KB 
Filename:ctx.go, Sha1:[13 50 253 137 42 101 153 127 127 211 173 63 151 163 5 57 179 206 144 189], fileSize:1KB 
Filename:user.go, Sha1:[245 18 16 112 132 138 225 66 35 150 117 79 55 88 134 166 129 70 27 48], fileSize:1KB 
Filename:org.go, Sha1:[100 206 63 125 214 219 179 55 114 136 235 237 129 88 39 152 49 98 135 207], fileSize:1KB 
Filename:res.go, Sha1:[226 72 232 143 225 70 41 72 222 168 243 0 201 182 182 74 76 4 4 37], fileSize:1KB 
Filename:role.go, Sha1:[22 54 128 220 109 152 17 202 59 77 194 62 45 171 83 247 192 47 101 102], fileSize:1KB 
Filename:user.go, Sha1:[48 136 66 234 252 180 244 235 96 39 35 125 176 129 221 0 55 166 172 217], fileSize:1KB 
Filename:res.go, Sha1:[48 57 232 157 76 247 79 204 75 233 196 64 74 187 14 189 196 67 67 196], fileSize:1KB 
Filename:role.go, Sha1:[69 14 42 4 111 172 224 219 151 75 183 36 221 28 252 31 121 144 231 74], fileSize:1KB 
Filename:agg.go, Sha1:[136 172 156 9 194 221 249 14 49 183 19 168 183 204 144 232 210 184 127 224], fileSize:1KB 
Filename:ctx.go, Sha1:[66 26 68 172 121 163 230 31 57 26 137 226 0 47 53 104 15 179 240 214], fileSize:1KB 
Filename:models.go, Sha1:[71 239 69 168 168 136 179 133 224 162 232 247 5 9 28 113 24 253 145 207], fileSize:1KB 
Filename:repo.go, Sha1:[124 133 228 249 183 217 85 237 244 24 138 150 44 129 117 106 182 218 157 236], fileSize:1KB 
Filename:vms.go, Sha1:[201 82 5 45 120 63 133 105 145 97 98 52 219 191 214 64 55 42 225 80], fileSize:1KB 
Filename:user.go, Sha1:[50 55 240 208 102 24 248 19 116 85 151 100 69 157 115 167 113 235 248 95], fileSize:3KB 
Filename:vms.go, Sha1:[254 253 171 101 140 71 61 230 239 244 106 33 43 180 34 106 147 64 62 122], fileSize:1KB 
Filename:base.go, Sha1:[255 98 165 134 83 3 214 87 17 168 58 190 163 3 196 197 134 116 180 221], fileSize:1KB 
Filename:wf.go, Sha1:[18 223 219 68 143 88 87 151 78 68 20 92 237 144 86 3 205 153 113 197], fileSize:1KB 
Filename:zd.go, Sha1:[25 191 151 152 107 103 39 171 166 175 17 12 34 48 42 242 30 117 218 156], fileSize:1KB 
Filename:cms.go, Sha1:[180 23 161 235 113 202 149 210 106 143 125 60 232 205 125 67 227 60 66 247], fileSize:1KB 
Filename:ctx.go, Sha1:[65 111 131 19 242 162 222 105 38 64 8 189 217 158 159 233 223 107 7 237], fileSize:1KB 
Filename:cate.go, Sha1:[42 89 18 174 29 242 47 176 236 178 254 171 196 126 80 183 5 11 120 10], fileSize:1KB 
Filename:info.go, Sha1:[211 111 183 155 121 253 101 224 26 54 138 161 202 30 37 182 126 253 0 70], fileSize:1KB 
Filename:models.go, Sha1:[233 177 6 122 102 225 189 84 106 151 67 162 186 11 67 72 216 228 197 240], fileSize:2KB 
Filename:cate.go, Sha1:[1 26 58 167 16 178 150 104 209 246 103 157 219 74 222 39 200 87 233 221], fileSize:1KB 
Filename:info.go, Sha1:[86 234 0 215 210 72 250 237 73 112 233 47 125 91 119 131 0 39 19 94], fileSize:1KB 
Filename:vms.go, Sha1:[170 80 205 179 136 48 202 117 45 236 202 45 33 167 143 62 99 228 117 9], fileSize:1KB 
Filename:core.go, Sha1:[161 18 135 40 161 223 192 195 6 186 27 198 50 191 28 221 221 143 220 40], fileSize:1KB 
Filename:shop.go, Sha1:[223 214 132 72 8 198 107 1 64 21 254 187 227 71 73 65 61 173 38 59], fileSize:1KB 
Filename:sys.go, Sha1:[196 154 34 179 3 98 147 226 33 142 174 21 42 17 225 131 110 141 160 93], fileSize:1KB 
Filename:constantdelay.go, Sha1:[176 99 103 155 44 90 100 204 107 108 122 55 59 8 119 154 197 222 237 85], fileSize:1KB 
Filename:constantdelay_test.go, Sha1:[82 182 83 94 104 148 238 224 248 194 39 78 139 214 181 74 0 210 214 94], fileSize:2KB 
Filename:parser.go, Sha1:[169 162 92 211 168 141 126 35 134 157 159 75 56 234 96 60 171 161 133 140], fileSize:6KB 
Filename:parser_test.go, Sha1:[211 77 33 61 238 113 38 33 121 145 153 188 207 119 232 209 85 212 80 183], fileSize:3KB 
Filename:spec.go, Sha1:[204 94 143 56 137 9 92 24 56 180 19 60 2 236 31 129 65 72 218 70], fileSize:4KB 
Filename:spec_test.go, Sha1:[168 166 79 207 106 86 175 238 93 206 38 91 223 228 217 212 216 162 58 189], fileSize:7KB 
Filename:tasks.go, Sha1:[84 176 36 212 17 64 52 244 255 53 222 92 80 121 161 125 193 170 144 61], fileSize:6KB 
Filename:tasks_test.go, Sha1:[177 98 209 20 224 21 235 187 225 84 128 194 157 143 225 177 176 146 51 215], fileSize:7KB 
Filename:bus.go, Sha1:[38 97 146 33 5 77 26 187 152 239 183 168 251 41 188 93 25 177 63 234], fileSize:4KB 
Filename:sfz.go, Sha1:[38 191 153 22 198 173 0 196 239 209 222 116 250 152 253 17 136 200 84 34], fileSize:1KB 
Filename:sjh.go, Sha1:[205 162 100 77 210 87 199 135 224 205 76 160 46 190 23 30 86 123 24 103], fileSize:1KB 
Filename:sjh_test.go, Sha1:[203 27 187 38 170 72 115 109 93 239 94 76 157 183 61 115 157 88 139 16], fileSize:1KB 
Filename:db.go, Sha1:[105 238 96 215 33 175 81 197 127 108 140 72 190 225 241 13 212 214 80 124], fileSize:1KB 
Filename:meta.go, Sha1:[161 55 243 151 57 30 68 141 173 235 91 228 193 61 85 85 157 143 115 6], fileSize:1KB 
Filename:hash.go, Sha1:[181 241 247 239 117 102 175 131 84 53 211 101 49 56 98 124 95 229 82 57], fileSize:1KB 
Filename:hcmds.go, Sha1:[157 198 159 14 246 55 52 205 18 140 111 222 186 61 166 147 123 198 126 71], fileSize:4KB 
Filename:json_hash.go, Sha1:[133 184 114 224 144 30 253 7 12 18 183 228 241 3 191 83 217 194 215 2], fileSize:2KB 
Filename:redis.go, Sha1:[90 249 60 223 209 154 115 210 247 57 27 32 84 0 174 94 240 224 50 4], fileSize:2KB 
Filename:scmds.go, Sha1:[181 119 4 23 242 75 74 3 8 107 49 27 34 34 248 151 191 3 186 197], fileSize:4KB 
Filename:string.go, Sha1:[44 85 83 33 137 239 63 57 140 246 78 3 4 40 125 198 20 105 178 198], fileSize:1KB 
Filename:zcmds.go, Sha1:[255 41 33 112 104 235 189 51 55 194 140 214 3 166 51 158 116 132 179 219], fileSize:8KB 
Filename:di.go, Sha1:[198 16 110 213 200 158 214 245 12 30 48 225 0 79 124 164 56 90 167 26], fileSize:1KB 
Filename:di_test.go, Sha1:[73 199 99 66 151 202 23 58 119 177 211 21 69 75 50 205 115 15 243 40], fileSize:1KB 
Filename:graph.go, Sha1:[104 48 184 230 161 237 150 166 73 144 58 189 245 120 42 208 146 243 111 239], fileSize:7KB 
Filename:obj.go, Sha1:[140 34 168 104 182 244 11 98 149 26 245 75 125 210 184 254 253 246 102 182], fileSize:1KB 
Filename:utils.go, Sha1:[228 215 58 74 219 65 73 144 43 142 49 40 92 220 15 117 150 179 8 47], fileSize:1KB 
Filename:jsonx.go, Sha1:[103 199 105 86 54 26 121 127 84 175 151 78 124 93 117 121 92 5 125 132], fileSize:1KB 
Filename:guid.go, Sha1:[54 25 169 234 26 8 98 7 190 92 103 153 230 218 80 102 182 125 213 239], fileSize:1KB 
Filename:builder.go, Sha1:[146 140 131 146 241 11 236 2 187 248 225 99 58 180 65 49 145 130 75 156], fileSize:2KB 
Filename:dialect.go, Sha1:[94 80 152 96 158 205 220 61 153 243 103 103 203 211 102 222 32 199 162 30], fileSize:1KB 
Filename:mssql.go, Sha1:[91 23 201 157 248 116 75 181 156 180 119 255 28 206 252 59 244 226 46 226], fileSize:1KB 
Filename:mysql.go, Sha1:[157 212 150 177 249 186 44 179 12 162 157 166 9 194 177 181 45 199 123 233], fileSize:1KB 
Filename:oci8.go, Sha1:[50 15 12 42 44 243 238 20 59 137 148 199 64 44 201 108 130 107 247 209], fileSize:1KB 
Filename:pg.go, Sha1:[236 47 243 112 173 54 5 158 160 21 204 52 29 80 128 3 192 6 0 179], fileSize:1KB 
Filename:models.go, Sha1:[33 170 133 254 249 78 26 12 225 228 100 127 193 60 168 197 254 101 75 100], fileSize:1KB 
Filename:orm.go, Sha1:[52 122 20 230 240 145 130 187 3 22 14 47 43 2 72 17 55 222 217 159], fileSize:1KB 
Filename:utils.go, Sha1:[79 74 103 46 55 173 195 38 131 159 148 202 180 173 35 167 244 90 155 175], fileSize:1KB 
Filename:types.go, Sha1:[185 138 127 26 225 193 198 80 37 107 114 190 45 95 14 76 101 109 238 44], fileSize:1KB 
Filename:utils.go, Sha1:[121 162 59 231 71 7 143 234 32 230 45 29 226 143 232 61 196 235 60 25], fileSize:1KB 
Filename:app.go, Sha1:[252 229 135 213 108 87 222 65 147 203 243 105 97 163 2 200 5 193 236 174], fileSize:2KB 
Filename:cfg.go, Sha1:[236 66 145 182 221 227 88 214 92 70 62 105 151 248 243 15 216 118 203 157], fileSize:1KB 
Filename:ctx.go, Sha1:[11 252 208 222 21 225 20 75 5 30 223 192 188 21 72 59 159 125 91 24], fileSize:3KB 
Filename:handle_node.go, Sha1:[80 131 26 26 84 186 75 125 215 179 23 198 39 240 35 103 86 207 121 233], fileSize:1KB 
Filename:log.go, Sha1:[134 81 203 68 75 106 86 40 49 200 212 51 37 85 176 175 249 35 15 134], fileSize:1KB 
Filename:node.go, Sha1:[32 58 59 133 7 19 201 138 255 175 175 164 154 233 24 237 101 80 117 236], fileSize:2KB 
Filename:param_node.go, Sha1:[14 90 226 68 163 238 226 185 5 235 253 13 115 173 147 24 243 114 229 87], fileSize:1KB 
Filename:regex_node.go, Sha1:[43 220 167 177 241 149 55 150 242 242 131 176 7 90 252 246 118 230 238 54], fileSize:1KB 
Filename:req.go, Sha1:[164 178 171 23 51 224 249 74 29 194 254 118 236 248 16 38 48 14 202 160], fileSize:3KB 
Filename:router.go, Sha1:[16 17 116 121 73 103 80 10 101 214 248 169 90 28 108 2 51 31 156 175], fileSize:1KB 
Filename:session.go, Sha1:[102 191 74 245 176 85 98 79 174 83 185 250 176 40 170 186 90 133 21 144], fileSize:1KB 
Filename:tmpl.go, Sha1:[134 77 173 217 112 41 224 5 1 191 204 202 240 16 16 216 111 207 210 133], fileSize:1KB 
Filename:utils.go, Sha1:[236 131 223 213 178 101 20 220 128 87 224 30 66 202 144 110 41 75 114 255], fileSize:1KB 
Filename:commandinfo.go, Sha1:[12 211 250 244 58 37 93 13 15 45 109 177 139 133 202 214 136 167 186 57], fileSize:2KB 
Filename:commandinfo_test.go, Sha1:[42 244 146 164 16 225 43 1 176 235 235 255 235 84 191 20 39 234 248 122], fileSize:1KB 
Filename:testdb.go, Sha1:[212 233 212 126 255 158 35 11 158 15 75 200 87 189 29 188 30 194 122 33], fileSize:2KB 
Filename:conn.go, Sha1:[93 154 73 142 95 69 170 168 53 199 95 230 114 157 19 40 232 66 11 76], fileSize:13KB 
Filename:conn_test.go, Sha1:[239 100 198 227 229 89 37 231 127 1 248 198 72 225 82 247 168 66 151 147], fileSize:15KB 
Filename:doc.go, Sha1:[193 6 185 100 179 227 178 79 60 109 24 61 19 165 79 22 122 130 114 185], fileSize:7KB 
Filename:log.go, Sha1:[161 232 72 183 174 239 243 169 103 16 152 229 227 39 30 251 108 130 166 101], fileSize:3KB 
Filename:pool.go, Sha1:[132 2 30 60 1 109 80 121 102 125 41 161 242 181 23 180 220 76 113 232], fileSize:10KB 
Filename:pool_test.go, Sha1:[234 163 197 208 1 36 128 167 77 73 33 171 218 54 195 163 239 8 130 32], fileSize:14KB 
Filename:pubsub.go, Sha1:[181 131 141 160 241 200 183 124 161 107 83 80 66 83 161 101 52 177 150 119], fileSize:4KB 
Filename:pubsub_test.go, Sha1:[222 219 225 252 192 77 118 106 219 121 130 47 179 231 253 203 85 159 13 79], fileSize:5KB 
Filename:redis.go, Sha1:[131 74 126 238 152 96 5 102 109 107 40 231 123 81 54 54 69 158 96 93], fileSize:2KB 
Filename:reply.go, Sha1:[188 19 8 135 146 143 62 253 172 220 153 141 147 1 87 105 205 157 59 116], fileSize:12KB 
Filename:reply_test.go, Sha1:[138 255 38 44 183 9 73 50 30 63 220 11 243 163 62 22 212 155 126 70], fileSize:4KB 
Filename:scan.go, Sha1:[20 144 216 25 75 230 82 231 135 57 146 11 198 182 138 51 142 173 243 11], fileSize:14KB 
Filename:scan_test.go, Sha1:[128 0 69 157 142 171 87 233 67 125 157 50 69 67 236 41 15 31 83 195], fileSize:11KB 
Filename:script.go, Sha1:[214 210 111 192 244 197 129 120 17 123 36 202 213 222 71 203 92 147 103 22], fileSize:3KB 
Filename:script_test.go, Sha1:[106 179 122 173 211 101 247 51 38 25 48 146 35 213 25 64 25 50 130 238], fileSize:3KB 
Filename:test_test.go, Sha1:[90 16 87 158 145 194 105 142 29 78 212 247 66 242 232 14 115 231 25 38], fileSize:4KB 
Filename:zpop_example_test.go, Sha1:[219 174 235 211 109 238 236 241 249 227 170 154 37 55 189 145 46 78 150 144], fileSize:3KB 
Filename:connmux.go, Sha1:[7 170 119 119 79 54 58 7 15 219 133 110 255 191 99 247 90 204 134 196], fileSize:4KB 
Filename:connmux_test.go, Sha1:[88 9 35 137 249 137 240 247 69 124 56 134 52 20 132 113 159 147 184 178], fileSize:5KB 
Filename:doc.go, Sha1:[212 33 148 5 134 211 40 209 244 181 125 114 218 2 225 164 220 181 39 229], fileSize:1KB 
Filename:bench_test.go, Sha1:[196 193 88 181 192 239 128 125 201 153 253 200 168 148 48 155 17 180 139 59], fileSize:10KB 
Filename:buf.go, Sha1:[162 201 38 133 250 81 193 59 171 12 204 47 87 180 238 146 155 131 6 168], fileSize:2KB 
Filename:conn.go, Sha1:[105 128 131 239 225 129 105 181 239 166 112 236 46 112 151 35 248 140 74 58], fileSize:44KB 
Filename:conn_test.go, Sha1:[195 175 153 118 219 201 211 145 69 249 205 5 183 249 12 22 75 168 168 142], fileSize:32KB 
Filename:copy.go, Sha1:[196 222 146 213 10 142 2 140 177 253 64 104 156 248 19 226 125 217 253 47], fileSize:6KB 
Filename:copy_test.go, Sha1:[162 109 183 87 142 210 146 24 65 88 144 29 116 231 153 51 215 108 86 237], fileSize:9KB 
Filename:doc.go, Sha1:[91 210 173 112 211 85 101 39 71 110 34 102 171 145 4 251 139 136 106 64], fileSize:8KB 
Filename:encode.go, Sha1:[86 232 201 227 68 234 125 62 52 178 3 80 229 1 168 62 188 231 152 250], fileSize:16KB 
Filename:encode_test.go, Sha1:[21 5 218 247 220 22 93 13 112 44 13 131 1 162 136 149 15 101 36 85], fileSize:22KB 
Filename:error.go, Sha1:[80 33 131 197 177 11 164 58 108 112 202 59 145 152 75 65 139 210 80 140], fileSize:16KB 
Filename:hstore.go, Sha1:[235 155 103 218 165 99 114 194 149 68 71 245 144 229 231 158 164 86 202 1], fileSize:3KB 
Filename:hstore_test.go, Sha1:[155 66 186 106 206 4 85 32 78 79 160 81 88 177 187 201 184 164 213 134], fileSize:4KB 
Filename:doc.go, Sha1:[235 41 248 11 43 177 175 233 179 26 11 162 53 105 91 230 54 45 206 56], fileSize:3KB 
Filename:notify.go, Sha1:[203 178 208 12 122 37 130 40 18 203 75 149 62 122 109 130 137 227 232 254], fileSize:22KB 
Filename:notify_test.go, Sha1:[136 217 22 140 147 118 168 46 10 206 21 17 245 49 242 172 243 153 213 199], fileSize:11KB 
Filename:doc.go, Sha1:[253 197 136 134 202 180 213 36 7 170 93 113 218 49 33 63 18 143 126 156], fileSize:1KB 
Filename:gen.go, Sha1:[211 29 155 120 86 239 72 78 161 158 114 121 221 118 31 228 177 153 162 124], fileSize:2KB 
Filename:types.go, Sha1:[192 10 251 81 94 36 73 80 220 89 84 248 49 52 218 202 108 162 131 115], fileSize:5KB 
Filename:ssl_test.go, Sha1:[211 163 35 97 183 197 126 86 16 170 138 53 115 167 78 232 242 158 11 82], fileSize:8KB 
Filename:url.go, Sha1:[15 184 206 214 16 190 63 26 206 21 255 43 189 233 160 16 99 206 253 134], fileSize:2KB 
Filename:url_test.go, Sha1:[120 139 215 145 177 28 247 128 26 224 213 67 138 134 214 117 210 156 238 32], fileSize:2KB 
Filename:user_posix.go, Sha1:[5 163 210 242 255 184 67 193 118 53 234 12 99 77 91 100 165 246 77 196], fileSize:1KB 
Filename:user_windows.go, Sha1:[25 56 93 220 238 49 98 39 122 221 135 134 1 72 28 231 109 195 169 101], fileSize:1KB 
Filename:benchmarks_test.go, Sha1:[151 17 189 93 88 203 106 212 25 40 126 242 238 208 186 133 82 112 77 229], fileSize:3KB 
Filename:uuid.go, Sha1:[23 169 120 124 149 81 47 214 92 241 201 165 45 208 150 102 189 95 245 243], fileSize:12KB 
Filename:uuid_test.go, Sha1:[86 193 221 129 141 68 198 14 62 212 98 169 115 50 124 243 196 184 126 159], fileSize:17KB 
Filename:cell.go, Sha1:[28 195 155 234 192 154 154 219 7 248 177 93 171 173 35 244 196 228 204 164], fileSize:11KB 
Filename:cell_test.go, Sha1:[102 192 110 163 244 207 57 118 106 24 173 114 0 193 147 150 41 22 227 144], fileSize:13KB 
Filename:col.go, Sha1:[133 187 94 216 243 146 234 161 13 3 122 221 179 86 137 102 164 239 125 90], fileSize:2KB 
Filename:col_test.go, Sha1:[218 190 137 235 248 106 100 249 195 196 86 83 154 105 120 206 233 191 154 208], fileSize:1KB 
Filename:common_test.go, Sha1:[111 236 134 131 105 92 232 234 48 243 43 12 223 200 169 31 91 84 217 180], fileSize:1KB 
Filename:compatibility_test.go, Sha1:[63 165 126 222 43 86 84 127 52 28 244 157 167 130 126 93 215 111 228 155], fileSize:3KB 
Filename:date.go, Sha1:[72 122 14 78 66 141 112 228 95 137 200 9 167 247 171 177 126 14 70 175], fileSize:4KB 
Filename:date_test.go, Sha1:[228 195 134 42 165 64 139 184 168 59 139 44 110 59 203 235 144 30 173 64], fileSize:3KB 
Filename:doc.go, Sha1:[46 138 175 76 58 144 87 36 109 13 143 23 80 210 2 150 47 29 124 59], fileSize:1KB 
Filename:file.go, Sha1:[99 53 104 119 144 33 210 89 172 125 49 18 33 99 103 6 70 200 161 147], fileSize:9KB 
Filename:file_test.go, Sha1:[200 250 138 243 195 235 182 221 230 69 88 80 216 102 173 42 99 148 55 63], fileSize:35KB 
Filename:fuzzy_test.go, Sha1:[202 221 156 0 73 4 26 211 23 233 219 20 0 26 7 153 41 144 39 196], fileSize:6KB 
Filename:hsl.go, Sha1:[130 24 234 111 207 218 182 212 215 192 43 8 202 63 94 155 14 230 50 183], fileSize:4KB 
Filename:lib.go, Sha1:[220 21 19 142 170 183 204 93 16 84 76 73 152 27 77 184 70 229 55 59], fileSize:26KB 
Filename:lib_test.go, Sha1:[1 41 156 69 169 11 130 25 220 254 135 243 172 236 70 37 142 7 120 138], fileSize:40KB 
Filename:reftable.go, Sha1:[225 123 93 121 150 45 71 201 244 146 97 36 189 245 26 215 162 187 101 6], fileSize:3KB 
Filename:reftable_test.go, Sha1:[191 229 77 118 137 205 98 214 32 223 212 70 240 179 127 44 254 237 64 33], fileSize:4KB 
Filename:row.go, Sha1:[253 30 250 37 3 31 47 40 11 160 208 151 225 1 204 205 118 165 73 235], fileSize:1KB 
Filename:row_test.go, Sha1:[230 115 244 91 108 208 83 179 210 109 205 197 86 27 54 145 106 8 145 48], fileSize:1KB 
Filename:sheet.go, Sha1:[118 1 147 205 13 176 14 182 62 131 123 41 56 189 220 205 220 223 120 237], fileSize:10KB 
Filename:sheet_test.go, Sha1:[248 158 97 226 103 42 21 92 37 202 156 116 18 136 144 20 132 41 8 107], fileSize:18KB 
Filename:style.go, Sha1:[157 152 106 221 115 110 221 42 102 123 240 245 98 5 54 232 49 176 219 181], fileSize:5KB 
Filename:style_test.go, Sha1:[55 55 31 5 22 188 240 57 119 144 98 20 234 28 65 89 68 93 28 7], fileSize:2KB 
Filename:templates.go, Sha1:[45 221 38 240 105 43 1 150 186 77 254 103 232 9 249 66 19 49 49 17], fileSize:13KB 
Filename:theme.go, Sha1:[236 187 207 64 210 42 7 98 154 205 185 207 37 220 72 160 124 222 76 171], fileSize:2KB 
Filename:theme_test.go, Sha1:[185 164 111 27 209 163 72 158 106 60 13 103 139 19 157 174 237 178 160 235], fileSize:2KB 
Filename:write.go, Sha1:[90 105 228 110 116 114 45 181 146 47 172 145 112 225 180 48 156 33 45 164], fileSize:3KB 
Filename:write_test.go, Sha1:[4 107 215 243 245 158 28 28 61 94 61 91 143 233 91 133 169 58 178 223], fileSize:4KB 
Filename:xmlContentTypes.go, Sha1:[251 182 8 209 156 128 112 188 126 217 35 195 8 203 51 50 166 3 190 190], fileSize:2KB 
Filename:xmlContentTypes_test.go, Sha1:[211 55 120 108 33 113 191 86 15 63 121 32 223 112 231 73 205 247 214 89], fileSize:3KB 
Filename:xmlSharedStrings.go, Sha1:[208 118 67 110 233 186 82 229 140 153 148 30 143 45 226 78 122 66 85 21], fileSize:1KB 
Filename:xmlSharedStrings_test.go, Sha1:[248 83 98 86 39 182 63 82 60 229 156 14 43 158 6 44 245 30 132 45], fileSize:2KB 
Filename:xmlStyle.go, Sha1:[112 56 200 254 253 84 194 205 195 202 15 202 234 26 128 88 161 18 75 219], fileSize:28KB 
Filename:xmlStyle_test.go, Sha1:[145 128 226 205 138 148 138 222 18 115 153 11 160 193 190 109 67 105 130 125], fileSize:13KB 
Filename:xmlTheme.go, Sha1:[176 237 61 0 233 204 191 113 87 196 188 5 118 201 220 106 251 4 159 109], fileSize:2KB 
Filename:xmlWorkbook.go, Sha1:[27 228 226 173 14 105 167 134 108 247 97 1 49 109 3 26 232 68 119 116], fileSize:9KB 
Filename:xmlWorkbook_test.go, Sha1:[154 3 172 64 94 9 117 26 157 224 234 24 108 141 83 78 60 211 232 50], fileSize:5KB 
Filename:xmlWorksheet.go, Sha1:[97 44 57 209 202 69 32 76 187 196 33 140 30 237 107 202 217 1 179 164], fileSize:15KB 
Filename:xmlWorksheet_test.go, Sha1:[156 162 105 231 85 237 126 173 216 15 72 184 80 102 37 97 171 135 46 221], fileSize:7KB 
Filename:main.go, Sha1:[85 35 72 203 171 225 209 254 154 59 45 87 64 254 196 156 2 246 184 194], fileSize:2KB 
Filename:apple.go, Sha1:[96 177 38 142 225 61 11 154 241 223 43 136 92 0 127 58 195 197 238 96], fileSize:1KB 
Filename:cn87.go, Sha1:[105 191 168 127 248 22 15 249 160 39 175 154 190 231 224 255 70 21 186 39], fileSize:2KB 
Filename:cn87_test.go, Sha1:[205 154 211 207 36 20 47 107 184 71 103 90 145 215 244 239 119 66 194 1], fileSize:1KB 
Filename:dayu.go, Sha1:[169 172 174 202 252 29 214 52 38 252 45 92 239 90 83 100 124 25 112 82], fileSize:1KB 
Filename:dayu_test.go, Sha1:[20 9 39 83 39 49 226 73 218 121 158 171 45 189 90 141 213 9 203 207], fileSize:1KB 
Filename:api.go, Sha1:[13 215 186 94 144 20 208 2 216 247 48 195 10 190 221 190 203 55 254 76], fileSize:2KB 
Filename:api_test.go, Sha1:[197 231 185 145 241 77 165 137 169 128 223 208 133 143 174 104 143 251 90 176], fileSize:1KB 
Filename:zqsc.go, Sha1:[140 98 175 6 46 106 81 226 218 116 123 250 116 26 193 160 48 98 249 255], fileSize:2KB 
Filename:zqsg.go, Sha1:[102 164 170 98 195 209 222 97 47 68 48 115 71 215 14 55 142 235 109 155], fileSize:2KB 
Filename:jpush.go, Sha1:[232 70 236 208 43 187 43 131 21 115 188 232 201 147 20 182 223 52 221 16], fileSize:2KB 
Filename:jpush_test.go, Sha1:[87 166 234 241 53 27 133 195 129 165 12 31 149 210 136 156 88 252 41 131], fileSize:1KB 
Filename:ctx.go, Sha1:[228 252 227 151 154 158 97 209 192 26 199 105 24 186 210 247 116 239 211 140], fileSize:1KB 
Filename:models.go, Sha1:[252 133 22 205 65 27 240 212 246 184 217 97 134 115 145 178 182 18 137 46], fileSize:1KB 
Filename:ctx.go, Sha1:[45 34 226 190 219 26 136 168 229 75 71 99 129 145 219 237 78 254 177 62], fileSize:1KB 
Filename:models.go, Sha1:[255 122 73 142 160 108 248 147 8 141 13 9 26 27 19 211 148 249 99 226], fileSize:2KB 
Filename:redis.go, Sha1:[230 133 62 181 4 33 181 73 74 146 112 189 65 6 95 66 253 142 234 1], fileSize:2KB 
Filename:sc.go, Sha1:[129 200 124 142 0 111 215 251 193 101 9 218 71 208 238 91 23 87 91 245], fileSize:2KB 
Filename:sg.go, Sha1:[221 191 55 31 109 196 143 191 171 64 8 151 188 219 123 62 62 201 84 23], fileSize:2KB 
Filename:auth.go, Sha1:[40 179 165 230 156 221 178 3 186 116 149 175 48 184 136 191 51 94 186 111], fileSize:2KB 
Filename:user.go, Sha1:[41 246 189 194 48 171 31 77 69 118 199 45 221 27 158 56 245 111 32 248], fileSize:2KB 
Filename:vms.go, Sha1:[254 253 171 101 140 71 61 230 239 244 106 33 43 180 34 106 147 64 62 122], fileSize:1KB 
Filename:bus.go, Sha1:[57 20 99 21 200 182 58 37 24 102 192 235 245 122 197 22 152 190 252 29], fileSize:1KB 
Filename:core.go, Sha1:[253 77 94 195 227 134 99 65 63 112 159 209 145 123 186 133 171 121 141 52], fileSize:4KB 
Filename:ctx.go, Sha1:[232 123 201 95 196 200 154 137 187 153 146 122 235 7 81 96 15 121 176 43], fileSize:2KB 
Filename:models.go, Sha1:[196 137 183 115 6 57 105 87 161 193 223 228 113 166 223 104 189 47 172 57], fileSize:3KB 
Filename:redis.go, Sha1:[4 77 138 124 242 63 24 202 147 74 50 141 198 182 181 125 138 75 154 18], fileSize:2KB 
Filename:buytj.go, Sha1:[42 67 199 173 128 150 196 251 164 61 148 81 246 31 62 193 98 128 26 253], fileSize:2KB 
Filename:ctx.go, Sha1:[238 139 162 66 236 161 229 68 198 229 77 219 93 34 231 181 49 114 164 145], fileSize:12KB 
Filename:models.go, Sha1:[61 182 211 234 55 134 1 39 114 193 231 3 26 145 73 163 228 77 102 190], fileSize:3KB 
Filename:vms.go, Sha1:[26 100 163 139 95 32 112 120 255 55 136 226 246 0 90 23 18 91 219 177], fileSize:2KB 
Filename:cache.go, Sha1:[176 78 115 116 103 106 124 70 98 204 103 209 88 45 72 86 66 118 13 130], fileSize:1KB 
Filename:models.go, Sha1:[134 181 91 214 118 248 231 163 91 148 237 237 169 23 159 4 174 125 139 177], fileSize:1KB 
Filename:tj.go, Sha1:[104 116 130 20 136 201 46 252 13 245 104 88 142 106 105 182 135 127 146 92], fileSize:1KB 
Filename:vms.go, Sha1:[183 224 52 71 55 232 56 146 108 155 107 119 161 12 208 249 117 33 126 129], fileSize:3KB 
Filename:ctx.go, Sha1:[70 64 245 108 251 68 206 229 28 165 26 119 185 39 47 77 134 138 212 147], fileSize:1KB 
Filename:models.go, Sha1:[134 252 193 93 159 165 70 15 114 11 190 230 153 92 78 105 71 108 246 183], fileSize:2KB 
Filename:repo.go, Sha1:[66 211 147 237 153 139 128 228 161 74 88 54 5 44 100 133 24 165 201 228], fileSize:2KB 
Filename:q.go, Sha1:[154 39 62 218 171 191 107 215 116 93 80 212 10 36 155 66 108 205 202 171], fileSize:4KB 
Filename:vms.go, Sha1:[11 251 254 1 110 36 18 219 252 94 164 183 53 151 51 64 47 26 47 69], fileSize:1KB 
Filename:ctx.go, Sha1:[223 176 43 32 177 116 208 228 184 230 26 171 228 88 157 63 162 16 246 216], fileSize:3KB 
Filename:models.go, Sha1:[164 105 188 224 185 230 143 62 16 138 171 57 241 24 236 79 141 101 188 70], fileSize:2KB 
Filename:query.go, Sha1:[246 175 157 177 190 124 173 76 23 3 207 192 231 86 63 220 37 132 32 145], fileSize:7KB 
Filename:redis.go, Sha1:[11 129 95 67 187 239 71 60 207 130 164 74 141 134 116 81 64 145 151 189], fileSize:3KB 
Filename:vms.go, Sha1:[76 96 210 115 50 241 180 10 137 25 138 221 223 45 128 43 190 81 94 97], fileSize:3KB 
Filename:ctx.go, Sha1:[56 19 54 33 249 156 107 224 48 147 82 101 181 86 132 170 210 13 187 146], fileSize:3KB 
Filename:ctx.go, Sha1:[157 215 9 3 216 216 126 169 202 245 185 60 18 238 220 161 153 68 78 230], fileSize:1KB 
Filename:models.go, Sha1:[239 39 185 15 72 53 118 239 146 8 164 47 20 123 226 74 219 146 169 230], fileSize:1KB 
Filename:repo.go, Sha1:[1 223 87 141 184 2 220 229 65 143 210 162 187 6 249 90 112 180 34 46], fileSize:1KB 
Filename:ctx.go, Sha1:[2 85 31 46 34 195 117 37 100 59 210 161 44 251 19 43 127 162 225 91], fileSize:1KB 
Filename:models.go, Sha1:[37 200 255 250 42 18 212 121 236 68 110 48 80 190 46 119 22 156 77 146], fileSize:1KB 
Filename:ctx.go, Sha1:[49 251 51 131 36 164 124 136 124 55 40 135 171 194 99 75 101 224 78 10], fileSize:1KB 
Filename:gly.go, Sha1:[43 170 62 9 86 93 173 71 97 253 95 251 93 186 22 192 155 255 63 134], fileSize:1KB 
Filename:models.go, Sha1:[187 13 196 4 78 197 237 89 85 244 118 143 222 25 51 113 216 92 104 213], fileSize:1KB 
Filename:repo.go, Sha1:[134 177 251 88 146 214 107 201 153 125 15 161 41 215 162 139 186 158 170 181], fileSize:2KB 
Filename:vms.go, Sha1:[65 20 244 156 61 20 78 165 65 34 149 232 152 98 31 40 57 248 31 54], fileSize:2KB 
Filename:yh.go, Sha1:[54 157 126 43 32 133 165 245 230 242 65 222 254 71 97 131 35 212 14 193], fileSize:4KB 
Filename:yhpt.go, Sha1:[122 139 223 189 107 136 203 140 228 53 172 253 58 225 231 27 203 57 4 58], fileSize:5KB 
Filename:models.go, Sha1:[97 50 27 7 174 117 117 59 13 220 174 140 169 236 1 179 140 135 33 226], fileSize:1KB 
Filename:vms.go, Sha1:[120 32 57 251 65 101 68 84 106 117 79 250 238 162 145 245 48 192 217 88], fileSize:1KB 
Filename:zj.go, Sha1:[198 217 234 161 186 72 185 4 36 26 68 212 189 199 81 15 35 90 60 236], fileSize:4KB 
Filename:app.go, Sha1:[195 71 230 42 157 146 229 161 216 184 138 57 24 102 214 85 67 93 54 243], fileSize:7KB 
Filename:pk.go, Sha1:[209 85 78 111 178 177 248 220 66 186 238 21 20 165 73 228 142 210 139 86], fileSize:3KB 
Filename:vms.go, Sha1:[82 201 87 162 10 238 90 96 199 118 193 229 234 238 2 212 197 217 100 130], fileSize:1KB 
Filename:vms.go, Sha1:[242 208 199 122 199 207 129 52 153 136 128 146 145 68 205 121 16 160 199 109], fileSize:3KB 
Filename:vms.go, Sha1:[197 113 210 79 205 205 183 158 144 118 147 161 250 184 138 158 56 130 247 154], fileSize:1KB 
Filename:yh.go, Sha1:[55 38 241 9 198 144 2 18 198 167 193 47 141 96 131 221 161 66 94 111], fileSize:1KB 
Filename:cms.go, Sha1:[101 134 67 235 157 191 144 78 9 133 174 18 186 37 243 213 220 7 240 24], fileSize:1KB 
Filename:vms.go, Sha1:[170 80 205 179 136 48 202 117 45 236 202 45 33 167 143 62 99 228 117 9], fileSize:1KB 
Filename:gl.go, Sha1:[113 229 165 82 139 251 146 52 226 117 1 19 80 58 243 108 124 180 14 229], fileSize:1KB 
Filename:nav.go, Sha1:[73 227 111 110 165 29 8 175 176 251 136 182 79 61 205 248 255 49 197 247], fileSize:3KB 
Filename:pk.go, Sha1:[82 12 46 116 182 156 185 201 230 83 197 81 85 252 128 185 165 250 220 138], fileSize:3KB 
Filename:vms.go, Sha1:[106 78 65 253 162 66 51 91 179 174 91 184 30 128 107 99 17 243 202 203], fileSize:1KB 
Filename:vms.go, Sha1:[26 90 87 120 204 111 51 53 253 187 203 97 127 166 215 208 63 225 218 100], fileSize:1KB 
Filename:gl.go, Sha1:[161 49 233 182 26 116 25 188 83 3 251 168 172 45 182 9 8 199 42 140], fileSize:4KB 
Filename:gl_vms.go, Sha1:[131 112 188 180 29 230 103 34 246 142 210 186 159 103 13 42 219 8 177 41], fileSize:1KB 
Filename:sc.go, Sha1:[85 100 253 79 3 85 23 162 74 16 40 146 212 97 204 54 178 143 95 65], fileSize:1KB 
Filename:vms.go, Sha1:[85 100 253 79 3 85 23 162 74 16 40 146 212 97 204 54 178 143 95 65], fileSize:1KB 
Filename:zj.go, Sha1:[161 155 247 175 123 45 216 232 178 16 99 202 240 73 12 126 21 221 172 157], fileSize:1KB 
Filename:zj_vms.go, Sha1:[42 239 129 140 1 188 92 103 150 51 218 144 127 19 20 58 29 153 157 231], fileSize:1KB 
Filename:db.go, Sha1:[102 47 129 46 65 7 94 99 193 38 40 249 220 81 173 74 154 131 127 127], fileSize:1KB 
Filename:phb.go, Sha1:[163 139 130 25 177 180 1 151 203 172 51 28 182 16 149 211 79 254 162 230], fileSize:7KB 
Filename:redis.go, Sha1:[210 42 236 233 151 145 4 179 254 219 185 84 198 186 30 96 78 178 144 115], fileSize:3KB 
Filename:session.go, Sha1:[85 68 23 164 43 254 217 241 225 150 241 131 130 39 166 221 146 57 237 111], fileSize:2KB 
Filename:yh.go, Sha1:[91 75 156 252 13 134 53 209 21 136 153 15 3 205 223 93 206 248 182 216], fileSize:5KB 
Filename:ctx.go, Sha1:[215 178 186 176 193 254 221 102 0 174 73 47 105 206 145 73 45 103 236 175], fileSize:7KB 
Filename:guess.go, Sha1:[175 187 220 163 34 245 4 102 156 176 139 158 162 246 35 216 163 241 213 57], fileSize:1KB 
Filename:vms.go, Sha1:[138 105 28 54 31 233 99 148 120 47 220 241 31 109 219 150 83 27 133 61], fileSize:3KB 
Filename:game.go, Sha1:[41 220 128 52 193 113 46 145 29 171 181 1 193 46 16 111 133 166 5 135], fileSize:1KB 
Filename:gs.go, Sha1:[244 41 59 171 187 244 40 187 246 172 193 252 240 100 214 138 247 125 92 8], fileSize:2KB 
Filename:gsb.go, Sha1:[73 161 181 115 250 55 147 169 198 84 127 228 69 210 153 224 83 62 37 218], fileSize:1KB 
Filename:gstj.go, Sha1:[167 68 140 239 126 211 117 110 84 162 49 0 2 255 111 248 73 17 101 128], fileSize:1KB 
Filename:guess.go, Sha1:[191 243 61 76 133 157 68 63 20 10 239 91 42 200 113 141 74 120 231 126], fileSize:1KB 
Filename:my.go, Sha1:[22 68 36 239 237 50 109 164 203 88 160 76 16 168 17 166 11 205 167 244], fileSize:1KB 
Filename:api.go, Sha1:[67 144 46 33 36 230 95 17 177 208 124 88 168 203 37 35 135 25 126 144], fileSize:2KB 
Filename:cms.go, Sha1:[17 238 81 26 216 238 117 236 73 137 232 14 0 42 94 89 23 67 168 137], fileSize:1KB 
Filename:down.go, Sha1:[10 22 180 134 71 50 149 74 213 103 101 104 204 144 52 11 70 244 50 101], fileSize:1KB 
Filename:files.go, Sha1:[200 211 1 127 186 206 162 253 210 254 24 236 253 176 189 136 174 4 18 12], fileSize:1KB 
Filename:gl.go, Sha1:[206 63 55 191 251 42 147 196 105 239 71 38 190 202 139 141 177 197 142 171], fileSize:1KB 
Filename:gly.go, Sha1:[222 138 199 112 175 38 244 118 61 48 110 92 115 119 34 105 179 225 152 177], fileSize:1KB 
Filename:jy.go, Sha1:[216 132 105 133 214 234 205 82 161 254 13 74 65 246 65 83 103 35 168 99], fileSize:2KB 
Filename:lb.go, Sha1:[183 8 212 86 62 182 201 84 23 103 252 4 65 67 30 170 248 9 206 146], fileSize:1KB 
Filename:msg.go, Sha1:[11 108 98 158 252 68 195 33 1 16 61 232 29 3 27 250 153 25 114 187], fileSize:1KB 
Filename:pk.go, Sha1:[56 228 231 110 143 160 126 213 5 4 120 99 75 194 40 225 204 138 202 205], fileSize:1KB 
Filename:pt.go, Sha1:[45 7 215 182 22 96 71 66 63 85 108 171 53 226 235 47 238 6 191 162], fileSize:1KB 
Filename:tj.go, Sha1:[140 83 32 118 195 245 22 25 38 152 46 87 249 33 155 130 228 195 96 170], fileSize:2KB 
Filename:ue.go, Sha1:[28 211 44 77 29 136 89 6 176 195 206 139 229 203 24 153 246 116 166 48], fileSize:2KB 
Filename:vms.go, Sha1:[105 103 225 171 192 189 230 171 235 246 104 142 27 128 138 189 147 181 111 125], fileSize:1KB 
Filename:xt.go, Sha1:[188 135 76 215 160 231 121 119 210 228 234 43 198 36 64 154 113 229 169 139], fileSize:1KB 
Filename:yh.go, Sha1:[71 86 141 172 86 236 233 37 36 28 4 31 60 128 145 7 233 232 33 24], fileSize:1KB 
Filename:zj.go, Sha1:[78 72 3 235 63 38 72 134 116 28 250 135 50 179 163 57 4 32 82 255], fileSize:2KB 
Filename:index.go, Sha1:[209 33 36 198 15 253 220 61 123 31 79 213 128 255 20 238 97 114 122 172], fileSize:1KB 
Filename:my.go, Sha1:[104 169 108 151 231 196 126 189 90 193 4 22 231 52 249 6 4 148 208 100], fileSize:1KB 
Filename:cms.go, Sha1:[102 79 238 106 18 108 250 201 173 138 61 134 190 254 157 188 158 234 185 245], fileSize:1KB 
Filename:gz.go, Sha1:[100 11 117 71 168 228 99 41 146 128 27 99 149 191 62 200 171 135 231 85], fileSize:1KB 
Filename:mrjc.go, Sha1:[163 162 23 104 208 232 151 13 255 202 36 225 220 197 105 41 180 148 101 253], fileSize:1KB 
Filename:my.go, Sha1:[184 18 129 226 154 194 219 111 98 60 44 156 220 233 77 0 49 129 149 71], fileSize:2KB 
Filename:pk.go, Sha1:[77 224 183 179 121 170 254 149 84 155 116 136 199 227 209 21 253 44 247 155], fileSize:1KB 
Filename:qm.go, Sha1:[165 197 90 245 68 166 95 211 67 58 225 164 176 170 81 188 107 50 168 113], fileSize:2KB 
Filename:tj.go, Sha1:[117 243 109 35 203 67 52 88 58 208 168 9 228 64 115 181 48 175 247 123], fileSize:1KB 
Filename:yh.go, Sha1:[165 172 67 164 157 101 196 90 230 199 240 227 81 130 54 254 138 246 62 31], fileSize:1KB 
Filename:zj.go, Sha1:[19 103 214 230 201 153 141 83 181 123 65 230 125 156 116 88 1 77 160 30], fileSize:1KB 
Filename:sc.go, Sha1:[112 219 132 73 131 156 125 27 105 115 100 173 246 99 199 85 206 109 123 179], fileSize:1KB 
Filename:u.go, Sha1:[75 221 131 225 202 183 115 150 18 15 207 170 201 135 129 71 141 209 239 213], fileSize:3KB 
Filename:wx.go, Sha1:[187 79 137 204 50 9 131 180 122 196 117 183 212 56 218 187 250 56 142 202], fileSize:2KB 
Filename:jy.go, Sha1:[208 151 216 57 35 185 220 52 80 70 33 238 241 133 204 202 226 252 191 73], fileSize:1KB 
Filename:tj.go, Sha1:[243 60 129 29 126 119 197 165 250 14 132 55 59 251 150 59 248 44 121 107], fileSize:2KB 
Filename:zj.go, Sha1:[19 137 67 134 73 182 42 68 144 47 68 135 121 113 205 218 233 84 82 241], fileSize:1KB 
Filename:task_jczqsc.go, Sha1:[109 24 2 131 104 181 94 220 167 4 42 42 147 130 180 231 255 88 155 200], fileSize:1KB 
Filename:task_jczqsg.go, Sha1:[80 68 26 6 126 161 41 5 119 41 152 24 245 40 2 42 246 24 3 42], fileSize:2KB 
Filename:task_pksc.go, Sha1:[120 103 27 171 155 159 115 250 64 98 203 76 4 165 183 250 249 37 145 131], fileSize:1KB 
Filename:task_pksg.go, Sha1:[125 115 74 63 93 176 101 244 31 205 25 41 245 198 100 142 99 223 25 74], fileSize:1KB 
Filename:tasks.go, Sha1:[185 239 194 157 117 213 31 153 108 167 57 64 208 30 93 57 209 151 157 129], fileSize:1KB 
Filename:conf.go, Sha1:[111 88 218 205 90 33 179 27 150 111 174 52 44 163 45 6 56 103 159 107], fileSize:1KB 
Filename:20160805.log, Sha1:[142 22 134 83 252 133 13 202 68 222 166 175 98 55 195 97 102 77 60 51], fileSize:21KB 
Filename:20160806.log, Sha1:[120 110 247 176 65 86 189 138 212 132 103 25 0 58 124 243 116 151 253 112], fileSize:8KB 
Filename:20160807.log, Sha1:[101 44 221 96 14 95 124 179 105 38 197 63 200 5 191 107 157 12 120 230], fileSize:8KB 
Filename:20160808.log, Sha1:[214 152 155 40 73 159 75 143 164 226 165 17 207 189 20 94 104 66 251 56], fileSize:8KB 
Filename:20160809.log, Sha1:[40 196 203 12 249 80 209 33 28 175 43 135 83 169 15 209 217 103 142 44], fileSize:1KB 
Filename:20160902.log, Sha1:[15 106 215 187 173 10 18 41 166 227 176 185 166 127 104 33 39 219 242 47], fileSize:27KB 
Filename:20160913.log, Sha1:[218 57 163 238 94 107 75 13 50 85 191 239 149 96 24 144 175 216 7 9], fileSize:0KB 
